3 10
5983 9 5
10 4933
4 5892
9 2695
8 897
6 1870
8797 4 7
7 398
1 7207
3 5363
5 5200
8 7583
9 8575
10 6232
1802 1 6
1 465
2 932
5 241
10 1788
7 1516
6 187
5788 8 9
8 2019
1 697
9 4381
2 5100
10 1801
6 1412
7 2595
5 987
3 4135
984 4 8
10 225
1 419
9 589
2 556
8 47
7 880
4 585
6 53
9620 6 8
9 4538
5 1926
10 9163
3 4409
8 2830
7 248
1 2322
2 3562
8923 7 7
4 7868
5 5362
1 5634
3 6020
10 4070
2 289
6 8497
2793 8 5
7 2176
6 2310
10 1903
9 1865
2 1532
7415 8 8
5 6739
8 5317
10 5260
3 5599
2 4536
4 6976
1 6602
6 2710
5107 6 8
3 1823
9 772
4 2777
6 3977
7 3697
1 1310
2 3420
8 1880
